4
27
55
71
85
98
120
145
173
189
202
318
343
374
400
430
459
487
513
545
575
604
631
669
710
742
773
801
832
860
891
915
944
971
999
1028
1059
1087
1115
1142
1170
1197
1226
1254
1280
1311
1339
1369
1396
1425
1455
1482
1507
1536
1564
1592
1618
1646
1675
1700
1725
1755
1784
1811
1841
1869
1897
1925
1953
1979
2006
2031
2057
2086
2115
2139
2165
2193
2219
2248
2276
2303
2328
2357
2385
2415
2443
2472
2500
2528
2555
2581
2609
2638
2666
2694
2723
2754
2780
2809
2836
2865
2892
2922
2949
2978
3005
3034
3065
3094
3121
3149
3175
3204
3230
3261
3289
3319
3348
3378
3404
3434
3459
3488
3514
3543
3569
3598
3627
3657
3684
3713
3740
3768
3799
3829
3856
3885