28
39
62
81
100
117
134
151
170
187
205
221
240
256
273
290
308
325
342
359
376
393
411
428
446
464
480
498
516
531
548
565
584
600
617
635
652
669
687
704
723
740
756
774
791
806
824
842
861
876
895
912
929
946
964
981
999
1016
1035
1051
1069
1085
1103
1120
1138
1154
1172
1190
1207
1223
1241
1258
1277
1293
1311
1330
1346
1363
1379
1397
1414
1431
1449
1466
1485
1502
1519
1536
1553
1570
1587
1605
1623
1639
1656
1673
1690
1709
1727
1744
1760
1776
1795
1812
1829
1847
1863
1881
1899
1916
1933
1951
1968
1986
2002
2019
2038
2054
2072
2089
2109
2126
2152
2172
2191
2209
2247
2262
2280
2298
2316
2333
2350
2367
2384
2402
2420
2437
2455
2472
2488
2505
2524
2541
2558
2575
2592
2610
2626
2659
2677
2695
2713
2731
2747
2766
2799
2816
2834
2852
2869
2886
2903
2921
2940
2957
2975
2990
3007
3024
3041
3077
3094
3111
3129
3148
3164
3180
3198
3217
3233
3251
3269
3285
3303
3319
3335
3354
3372
3389
3407
3424
3440
3458
3475
3492
3509
3526
3543
3562
3578
3596
3629
3647
3664
3682
3698
3717
3734
3752
3768
3787
3803
3821
3839
3856
3873
3890
3907
3926
3943
3960
3977
3993
4011
4042
4061
4082
4090
4114
4132
4149
4184
4202
4219
4237
4253
4265
4272
4287
4308
4317
4325
4333
4341
4358
4366
4375
4393
4402
4411
4419
4428
4436
4446
4461
4479
4496
4512
4529
4546
4564
4600
4616
4633
4642
4661
4670
4687
4705
4738
4770
4805
4824
4842