16
18
26
45
51
61
75
79
89
95
100
107
113
120
127
134
141
148
156
166
176
186
196
205
214
223
233
242
252
261
271
280
289
293
297
305
315
325
334
342
351
359
363
368
378
388
397
406
414
423
431
435
439
443
450
458
467
476
484
492
500
504
508
518
527
538
546
554
563
570
574
578
586
597
606
615
622
632
639
644
647
656
667
675
684
692
701
709
713
718
724
734
743
752
760
768
776
780
783
793
802
811
820
829
837
846
851
855
864
872
880
888
897
904
912
920
929
938
947
956
963
972
980
988
995
1000
1003
1006
1016
1020
1022
1032
1049
1060
1068
1076
1085
1092
1100
1109
1113
1116
1126
1135
1144
1152
1159
1167
1174
1177
1181
1192
1201
1210
1218
1226
1234
1241
1245
1249
1257
1266
1275
1283
1291
1300
1307
1312
1316
1324
1333
1342
1350
1358
1366
1373
1382
1389
1400
1409
1417
1424
1432
1440
1444
1448
1459
1466
1476
1485
1493
1502
1510
1516
1520
1527
1536
1545
1552
1560
1568
1576
1580
1584
1594
1603
1612
1620
1629
1636
1645
1650
1654
1662
1671
1679
1688
1697
1706
1713
1721
1730
1739
1747
1756
1764
1772
1781
1789
1796
1800
1809
1812
1816
1825
1829
1832
1841
1857
1866
1875
1884
1892
1899
1908
1916
1922
1930
1937
1945
1952
1960
1967
1976
1984
1988
1992
1996
2004
2011
2020
2028
2036
2043
2052
2057
2061
2070
2079
2087
2095
2103
2112
2119
2124
2127
2132
2139
2147
2155
2163
2171
2179
2186
2190
2194
2199
2206
2215
2223
2230
2238
2245
2253
2257
2261
2269
2278
2287
2294
2302
2311
2318
2322
2327
2335
2344
2352
2360
2368
2376
2383
2387
2391
2395
2402
2411
2420
2428
2436
2444
2453
2457
2460
2469
2478
2485
2495
2502
2512
2520
2527
2536
2545
2554
2561
2569
2579
2585
2594
2600
2604
2611
2615
2617
2628
2632
2635
2645
2661
2669
2678
2687
2695
2703
2712
2720
2728
2736
2745
2753
2761
2769
2778
2786
2794
2802
2811
2820
2827
2835
2843
2852
2856
2860
2869
2877
2886
2895
2903
2911
2919
2923
2927
2937
2945
2954
2961
2969
2977
2984
2988
2992
2996
3002
3010
3019
3026
3033
3042
3048
3053
3057
3065
3074
3082
3090
3098
3106
3114
3118
3123
3131
3140
3148
3156
3164
3172
3180
3184
3188
3194
3199
3207
3216
3224
3231
3239
3248
3251
3256
3264
3272
3280
3290
3298
3307
3314
3321
3329
3337
3344
3353
3360
3368
3375
3381
3389
3397
3404
3408
3412
3421
3426
3429
3437
3445
3453
3461
3471
3479
3488
3495
3503
3512
3520
3528
3537
3545
3553
3561
3569
3576
3584
3594
3601
3609
3618
3625
3633
3639
3644
3649
3657
3666
3674
3682
3689
3698
3707
3715
3724
3733
3742
3749
3756
3764
3771
3779
3787
3795
3804
3812
3820
3828
3835
3844
3851
3861
3870
3879
3888
3895
3903
3909
3914
3921
3928
3937
3945
3953
3961
3969
3977
3984
3992
4000
4008
4016
4024
4030
4036
4041
4045
4052
4060
4068
4076
4084
4093
4100
4105
4110
4119
4125
4134
4142
4151
4159
4168
4176
4182
4191
4195
4199
4207
4212
4217
4225
4241
4249
4257
4266
4275
4283
4291
4299
4308
4314
4323
4331
4339
4348
4355
4363
4371
4379
4387
4396
4403
4411
4420
4427
4436
4444
4452
4460
4469
4477
4485
4494
4502
4509
4518
4527
4535
4543
4551
4559
4563
4567
4576
4582
4592
4601
4608
4616
4622
4627
4632
4639
4646
4652
4662
4668
4676
4683
4691
4699
4706
4714
4721
4730
4737
4745
4754
4763
4771
4779
4787
4796
4803
4810
4819
4823
4827
4835
4843
4852
4861
4869
4877
4885
4893
4902
4909
4916
4924
4933
4942
4949
4957
4963
4969
4975
4979
4982
4991
4995
4998
5006
5022
5030
5038
5048
5054
5061
5070
5077
5086
5093
5100
5109
5118
5126
5135
5142
5150
5158
5166
5175
5182
5190
5199
5206
5213
5221
5228
5232
5236
5245
5249
5254
5262
5268
5279
5293
