0
2
5
22
29
53
67
83
88
96
111
117
125
139
145
153
167
175
183
195
203
211
225
232
240
253
260
268
281
287
296
310
316
324
338
345
353
366
374
382
395
402
410
423
429
439
453
467
481
494
511
517
525
540
545
552
568
574
582
596
603
610
625
632
639
653
660
667
681
687
695
709
717
724
737
744
751
766
773
780
794
800
808
822
829
837
852
859
867
882
889
895
910
917
924
939
945
953
967
974
981
996
1002
1010
1024
1031
1038
1053
1060
1066
1081
1087
1095
1109
1116
1123
1139
1145
1152
1165
1174
1181
1196
1202
1203
1225
1238
1255
1259
1262
1265
1284
1290
1297
1311
1318
1326
1341
1347
1355
1369
1375
1383
1397
1404
1411
1425
1432
1440
1453
1460
1468
1484
1491
1498
1512
1519
1525
1541
1548
1555
1570
1576
1584
1599
1606
1612
1627
1634
1641
1655
1662
1669
1683
1698
1711
1714
1718
1744
1750
1755
1760
1766
1772
1779
1786
1793
1801
1808
1814
1821
1829
1836
1843
1851
1857
1865
1872
1880
1886
1894
1900
1908
1914
1922
1929
1937
1943
1951
1958
1965
1972
1980
1986
1994
2000
2008
2015
2022
2029
2036
2043
2051
2058
2066
2072
2080
2087
2094
2101
2109
2115
2122
2129
2137
2144
2151
2157
2164
2171
2178
2185
2193
2199
2207
2215
2221
2228
2236
2244
2250
2258
2265
2272
2280
2286
2294
2301
2309
2315
2322
2329
2336
2342
2349
2357
2363
2370
2377
2385
2391
2399
2406
2412
2419
2429
2436
2459
2472
2489
2494
2518
2526
2532
2546
2554
2561
2576
2582
2589
2603
2610
2617
2632
2639
2647
2661
2667
2675
2690
2697
2704
2719
2725
2733
2747
2754
2761
2777
2782
2790
2805
2813
2819
2834
2841
2849
2865
2871
2878
2892
2898
2905
2920
2934
2947
2951
2955
2970
2978
2985
2993
3000
3007
3014
3021
3029
3036
3043
3050
3058
3065
3072
3079
3087
3095
3101
3108
3116
3123
3130
3137
3145
3152
3159
3166
3174
3180
3187
3194
3202
3209
3216
3223
3230
3237
3244
3252
3260
3267
3273
3280
3288
3294
3301
3309
3316
3323
3330
3337
3346
3351
3359
3366
3374
3380
3387
3394
3401
3409
3414
3423
3431
3438
3445
3453
3461
3468
3474
3482
3490
3496
3504
3510
3519
3525
3532
3539
3547
3553
3561
3568
3575
3582
3589
3596
3604
3611
3619
3626
3634
3641
3647
3654
3659
3667
3674
3697
3710
3726
3735
3757
3765
3768
3771
3781
3788
3795
3799
3802
3810
3817
3824
3829
3839
3846
3856
3871
3878
3886
3900
3906
3914
3929
3943
3958
3971
3987
4000
4015
4027
4042
4058
4072
4086
4101
4115